170019695992242795	52.82385	-29.691600	SN
170019696008495213	53.16975	-29.185678	SN
170019696010067995	53.19071	-29.072177	SN
170019696011640884	53.19470	-28.742419	SN
170019696024748213	54.43390	-27.978388	SN
170019696036806674	52.40369	-28.732776	SN
170019696041525298	51.58988	-28.798757	SN
170019696043098131	51.47200	-28.629203	SN
170019696046768167	54.23780	-27.670760	SN
170019696054632535	53.37541	-27.199662	SN
170019696062496843	51.72932	-27.760201	SN
170019696069836845	53.65261	-27.023017	SN
170019696077701139	52.59136	-26.807001	SN
170019696082419886	52.00500	-26.729393	ORPHAN
170019696205103136	52.67654	-26.872335	UNCLEAR
170019696254910754	62.00489	-49.480107	SN
170019696255435601	61.96812	-49.664246	SN
170019696255435832	61.87011	-49.658723	SN
170019696256483349	62.03441	-49.402105	SN
170019696256483390	61.88140	-49.424358	SN
170019696256483399	62.08092	-49.282687	SN
170019696256483574	62.01929	-49.237943	SN
170019696257007631	61.69731	-49.630018	ORPHAN
170019696262250510	60.76849	-50.183009	SN
170019696262250595	60.46851	-50.124856	ORPHAN
170019696264348872	60.61026	-50.483650	ORPHAN
170019696264873503	60.35472	-50.536078	SN
170019696266444924	59.89904	-50.459670	SN
170019696266969120	59.88642	-50.665630	SN
170019696266969165	59.70979	-50.672605	ORPHAN
170019696266969242	59.82303	-50.731832	SN
170019696268541981	62.04026	-49.040715	UNCLEAR
170019696269590551	62.10681	-48.676073	SN
170019696269590648	61.93233	-48.582883	SN
170019696270114847	61.82157	-48.865823	SN
170019696271163443	61.73919	-48.582790	SN
170019696271687768	61.39428	-48.704160	SN
170019696271687821	61.34148	-48.622074	SN
170019696271687855	61.43056	-48.684365	SN
170019696271687857	61.37359	-48.685702	SN
170019696272736275	61.66532	-49.307780	SN
170019696272736349	61.49711	-49.245788	SN
170019696272736364	61.37294	-49.278376	UNCLEAR
170019696273784922	61.54256	-48.896600	ORPHAN
170019696274309249	61.22303	-49.004888	SN
170019696274833525	60.81510	-49.249995	SN
170019696274833567	60.99396	-49.177909	SN
170019696276406365	60.64617	-49.104390	SN
170019696276406393	60.67437	-49.028123	SN
170019696277454855	60.85379	-49.808466	SN
170019696277454895	60.58977	-49.886316	ORPHAN
170019696277454997	60.59154	-49.698045	SN
170019696278503512	60.62765	-49.443096	SN
170019696278503582	60.67529	-49.553881	SN
170019696279027799	60.30359	-49.638309	UNCLEAR
170019696279027842	60.29477	-49.559029	SN
170019696279552055	60.18220	-49.818622	SN
170019696279552156	59.94587	-49.755164	SN
170019696279552203	60.17153	-49.778692	ORPHAN
170019696280076341	60.36634	-49.382353	ORPHAN
170019696280076421	60.30505	-49.232510	UNCLEAR
170019696281124967	59.84420	-49.641164	SN
170019696281649287	60.05996	-50.024039	SN
170019696282173491	59.88621	-50.325309	SN
170019696282173633	59.96897	-50.215155	SN
170019696283746337	59.59480	-50.174697	SN
170019696283746353	59.52894	-50.179715	SN
170019696283746425	59.49470	-50.040521	SN
170019696284270639	59.22960	-50.315147	SN
170019696284795009	59.71587	-49.799842	SN
170019696284795020	59.66561	-49.765508	SN
170019696285319211	59.40825	-49.929628	SN
170019696285319296	59.30957	-49.980860	SN
170019696285319302	59.46216	-49.857468	SN
170019696285843578	59.21437	-50.151408	SN
170019696288465031	58.74885	-50.623156	SN
170019696288465144	58.71717	-50.480776	SN
170019696289513496	58.97247	-50.229819	SN
170019696290037908	58.57628	-50.379491	SN
170019696290037996	58.39026	-50.346698	SN
170019696290563547	58.08358	-50.564228	SN
170019696290563649	58.04544	-50.542175	SN
170019696290563681	58.04908	-50.520576	SN
170019696291610778	61.48289	-48.252465	SN
170019696292134916	61.43709	-48.514273	ORPHAN
170019696292135074	61.23414	-48.353268	SN
170019696292659213	61.50732	-48.128519	UNCLEAR
170019696293183615	61.08472	-48.137149	SN
170019696293183617	61.16045	-48.089256	SN
170019696293707782	61.02441	-48.440296	UNCLEAR
170019696293707839	61.05893	-48.261573	SN
170019696293707842	60.87318	-48.362902	SN
170019696293707856	60.90825	-48.318396	SN
170019696293707865	61.05570	-48.205029	SN
170019696293707869	61.01130	-48.223250	SN
170019696293707892	61.03340	-48.172698	SN
170019696294232173	61.32982	-47.749085	SN
170019696296329245	60.79513	-48.845240	SN
170019696296853619	60.28124	-48.985566	SN
170019696297377817	60.90209	-48.473093	SN
170019696297377918	60.74809	-48.382851	ORPHAN
170019696297377921	60.76690	-48.366902	ORPHAN
170019696297377979	60.75456	-48.379182	ORPHAN
170019696297377991	60.76506	-48.333510	SN
170019696297902248	60.31101	-48.644774	SN
170019696298426458	60.18189	-48.701838	SN
170019696298950696	60.43495	-48.379859	SN
170019696298950812	60.43285	-48.244468	SN
170019696299475045	60.38464	-48.405596	UNCLEAR
170019696299475118	60.15058	-48.419644	SN
170019696300523547	60.33451	-49.125969	ORPHAN
170019696300523640	60.15123	-49.046520	SN
170019696300523661	60.18163	-48.993190	SN
170019696302096404	59.90868	-49.067014	SN
170019696302096425	59.91829	-49.028815	UNCLEAR
170019696302096451	60.08268	-48.899721	ORPHAN
170019696302096563	59.81100	-48.882889	SN
170019696302620796	59.48452	-49.103706	ORPHAN
170019696302620811	59.47437	-49.098816	ORPHAN
170019696302620849	59.61676	-49.043217	SN
170019696303145039	59.40511	-49.237792	SN
170019696303145044	59.42637	-49.215877	SN
170019696303145089	59.31895	-49.186330	SN
170019696303669300	59.88499	-48.733955	SN
170019696303669302	59.89408	-48.727011	SN
170019696304193611	59.42662	-48.908000	SN
170019696304717873	59.23898	-49.106291	ORPHAN
170019696304717973	58.98400	-49.093474	SN
170019696304718001	59.27299	-49.045735	ORPHAN
170019696305242136	59.46659	-49.646099	SN
170019696305766456	59.22509	-49.750331	ORPHAN
170019696305766522	59.02146	-49.688701	SN
170019696305766576	59.22837	-49.748878	ORPHAN
170019696306290733	58.81593	-49.951286	ORPHAN
170019696306290744	58.92766	-49.875755	SN
170019696306290808	58.69224	-49.893543	SN
170019696306290870	58.77677	-49.834681	SN
170019696306815155	59.09187	-49.388480	SN
170019696307863703	58.47240	-49.654109	SN
170019696308387927	58.77428	-49.244439	ORPHAN
170019696308387946	58.91511	-49.143638	ORPHAN
170019696308388018	58.75328	-49.202002	SN
170019696309436458	58.43716	-49.569525	SN
170019696309960847	58.59454	-50.174168	SN
170019696309960873	58.41387	-50.070438	SN
170019696310485183	58.29136	-50.070319	ORPHAN
170019696311009287	58.24055	-50.372600	SN
170019696311009371	57.93387	-50.410444	SN
170019696311009411	58.10041	-50.250217	SN
170019696311533598	58.46281	-49.884212	SN
170019696313106537	58.12604	-49.819211	SN
170019696313106566	58.08692	-49.626767	SN
170019696313630743	57.75056	-49.971688	SN
170019696314155013	57.70150	-50.051643	SN
170019696314155108	57.60604	-49.924697	SN
170019696314155182	57.44248	-49.935833	ORPHAN
170019696314679505	61.00765	-47.595388	SN
170019696315203603	60.91446	-47.847784	ORPHAN
170019696315203605	60.91056	-47.850020	ORPHAN
170019696315203612	60.97602	-47.798872	SN
170019696315203635	60.86467	-47.842867	SN
170019696315203858	60.70412	-47.809511	SN
170019696316776470	60.62468	-47.703175	SN
170019696316776606	60.48701	-47.535692	SN
170019696316776635	60.59938	-47.610060	SN
170019696318349586	60.32331	-47.523481	SN
170019696318349655	60.25926	-47.551515	SN
170019696318349676	60.24389	-47.558051	SN
170019696318874298	59.97114	-47.685022	SN
170019696318874315	59.96294	-47.688260	SN
170019696319922241	59.99804	-48.315663	SN
170019696319922260	60.09098	-48.211151	SN
170019696319922360	60.05726	-48.274962	SN
170019696321495080	59.93661	-48.064522	SN
170019696321495119	59.88043	-48.026301	ORPHAN
170019696321495128	59.70865	-48.104175	SN
170019696322019331	59.52000	-48.388635	SN
170019696322543621	59.79978	-47.920956	UNCLEAR
170019696322543768	59.66273	-47.767018	SN
170019696323068060	59.57793	-47.918705	SN
170019696323068062	59.53141	-47.924792	SN
170019696323592241	59.35867	-48.087249	ORPHAN
170019696323592290	59.36244	-47.982335	SN
170019696325165150	58.83069	-48.855198	SN
170019696325689363	59.39386	-48.441846	SN
170019696325689424	59.21997	-48.451619	SN
170019696325689462	59.27261	-48.320851	SN
170019696326737981	58.80128	-48.653567	SN
170019696327262213	59.01639	-48.377478	SN
170019696327262223	59.07798	-48.310602	SN
170019696327786498	58.90386	-48.443132	SN
170019696327786531	58.73132	-48.472891	SN
170019696327786607	58.62322	-48.336865	SN
170019696327786615	58.76259	-48.246828	SN
170019696328310793	58.67163	-48.569962	SN
170019696328835126	58.79311	-49.039451	SN
170019696328835256	58.75832	-49.028586	UNCLEAR
170019696328835273	58.66231	-49.000837	SN
170019696329359448	58.50970	-49.152863	SN
170019696329359478	58.30017	-49.170845	SN